1 0.035625 0.888333 0.07125 0.21999999999999997
1 0.303125 0.77 0.09625 0.193334
1 0.390625 0.6866669999999999 0.03125 0.13
1 0.43937499999999996 0.66 0.048750000000000016 0.11333400000000005
1 0.45875 0.6208335 0.040000000000000036 0.11833300000000002
1 0.559375 0.6241665000000001 0.053750000000000075 0.11166700000000007
1 0.6325000000000001 0.6466670000000001 0.039999999999999925 0.12
1 0.6875 0.585 0.05249999999999999 0.08999999999999997
1 0.714375 0.684167 0.04125000000000001 0.125
1 0.764375 0.6441665 0.04625000000000001 0.098333
1 0.819375 0.6891665 0.04874999999999996 0.12833300000000003
1 0.871875 0.7575000000000001 0.061249999999999916 0.15499999999999992
1 0.95625 0.8133335 0.08500000000000008 0.20333299999999999
1 0.95875 0.8941665000000001 0.08000000000000007 0.208333
