2 0.8453125 0.8334895 0.30937499999999996 0.297373
2 0.044062500000000004 0.533771 0.024375 0.022513999999999923
2 0.0465625 0.5712945 0.026874999999999996 0.020637000000000016
2 0.0575 0.606004 0.04625 0.06379000000000001
2 0.0471875 0.5126645 0.013124999999999998 0.012194999999999956
2 0.0671875 0.57833 0.019374999999999996 0.027204000000000006
2 0.0696875 0.519231 0.016875 0.02157600000000004
2 0.138125 0.502345 0.1225 0.113508
2 0.12406249999999999 0.5820825000000001 0.023124999999999993 0.030957000000000012
2 0.1471875 0.5914634999999999 0.033125000000000016 0.03846099999999997
2 0.2059375 0.5605065 0.018125000000000002 0.030957000000000012
2 0.25093750000000004 0.590525 0.033125000000000016 0.040337999999999985
2 0.3078125 0.5731710000000001 0.026874999999999982 0.024390000000000023
2 0.47562499999999996 0.7251405 0.16250000000000003 0.14446499999999995
2 0.4809375 0.6261725 0.09812500000000002 0.053471000000000046
2 0.5425 0.691839 0.09875000000000006 0.10787999999999998
2 0.5643750000000001 0.6116325 0.057499999999999996 0.05628500000000003
2 0.6018749999999999 0.651032 0.09500000000000008 0.08067600000000008
2 0.7525 0.7106 0.15750000000000008 0.11163199999999995
