1 0.03875 0.760319 0.039999999999999994 0.20168799999999998
1 0.065 0.7420260000000001 0.04125000000000001 0.21576000000000006
1 0.12281249999999999 0.7565664999999999 0.030625 0.10225099999999998
1 0.24 0.8602255000000001 0.04749999999999999 0.25140700000000005
1 0.2565625 0.8658535 0.07312500000000002 0.266417
1 0.340625 0.8878984999999999 0.10499999999999998 0.22232700000000005
1 0.3896875 0.915572 0.03187499999999999 0.15384600000000004
1 0.4428125 0.85788 0.08187500000000003 0.28236400000000006
1 0.5946875 0.795966 0.03937500000000005 0.21857399999999994
1 0.62375 0.7898685 0.05625000000000002 0.22701700000000002
1 0.7625 0.8480300000000001 0.0625 0.25328399999999995
1 0.813125 0.7420260000000001 0.05125000000000002 0.168856
1 0.9099999999999999 0.8072235 0.04749999999999999 0.18480300000000005
1 0.9393750000000001 0.8015950000000001 0.05500000000000005 0.199812
