1 0.1903125 0.881964 0.046875 0.07743200000000006
1 0.254375 0.8876295 0.04374999999999998 0.08309699999999998
1 0.7071875000000001 0.7776205 0.02937500000000004 0.036827000000000054
1 0.7809375000000001 0.869216 0.03437499999999993 0.040604000000000084
1 0.8084374999999999 0.8574125 0.030625000000000013 0.060435000000000016
1 0.8218749999999999 0.8550519999999999 0.03500000000000003 0.048158000000000034
1 0.8703125 0.8607175 0.026874999999999982 0.029272999999999993
1 0.8915625 0.8503305000000001 0.02562500000000001 0.042493
1 0.9034375 0.8522190000000001 0.018124999999999947 0.027383999999999964
1 0.9128125 0.8522190000000001 0.014375000000000027 0.034938000000000025
1 0.9315625000000001 0.844665 0.020625000000000004 0.04627000000000003
1 0.926875 0.8484419999999999 0.006250000000000089 0.034938000000000025
2 0.95 0.823418 0.08500000000000008 0.09254000000000007
